8.394842 718.584614 181.037504
11.426130 640.553069 32.820797
12.464217 689.010991 44.057271
12.966432 632.497226 364.775494
15.897392 691.273281 94.460611
22.216354 682.640596 169.397101
22.418415 625.700016 93.568079
23.928757 609.049301 236.169902
23.928757 618.250224 203.385914
23.928757 623.914371 306.686655
23.928757 626.789180 269.303601
25.588867 719.369134 83.121188
25.994815 680.044780 245.080842
26.523098 610.424152 164.959005
26.598971 666.227624 299.752393
27.073884 729.490459 215.716546
27.358105 735.681294 340.479841
27.780006 678.381345 362.049226
29.039105 739.805208 148.007010
30.202519 710.622056 34.010558
31.200585 724.977785 283.214275
41.458120 686.499439 11.523660
43.163272 682.982635 63.655023
43.831720 658.744196 133.913232
45.971532 623.092857 10.993890
49.358046 621.899057 341.102375
49.776084 737.651587 182.612493
50.498737 621.137851 59.174910
51.340880 630.180891 388.186163
57.523108 668.081364 205.414599
58.757377 620.530474 238.925279
58.821058 629.837791 299.259884
59.784229 709.382749 240.762127
60.020513 725.417297 382.128680
60.432855 733.960577 110.300412
60.864375 608.744242 127.078020
61.870628 668.128691 330.088032
61.870628 672.498409 281.667400
63.710736 731.051509 15.466121
65.069214 732.103922 53.913474
66.458732 710.787490 303.508643
80.978152 661.448731 93.805139
81.996379 729.048782 207.031684
82.217515 666.689122 37.319275
83.955369 674.404141 160.842197
84.307389 636.577954 8.079578
86.791381 628.353064 365.454158
86.906661 712.503709 155.754549
87.612076 680.468146 367.347773
88.502805 634.351509 152.937558
89.878264 622.706890 94.524424
90.746420 724.389633 356.338791
91.126017 678.222153 228.744875
93.575522 612.956495 197.794286
96.692310 624.918540 256.564842
96.903249 609.298305 327.069442
99.575089 728.323597 284.935847
101.044724 664.427277 305.877716
108.630546 685.822726 65.442000
113.089037 708.421806 124.790953
116.491649 709.027395 57.705529
116.491649 739.860484 17.466967
119.106444 640.531308 124.463348
120.078437 711.511601 232.395247
120.078437 727.461414 195.239174
120.873672 614.874794 48.185569
121.166848 678.388093 128.566737
124.409476 685.038292 186.332524
124.624739 662.426533 391.641941
124.713031 632.573406 363.865656
124.834780 691.076218 263.164382
126.013639 734.550685 320.360827
127.389097 711.202494 390.852040
128.496548 662.421580 226.683072
128.634254 619.120207 218.310050
129.241046 638.201400 167.064780
133.892593 685.588097 26.311449
135.157660 676.243232 329.718020
135.721096 639.708127 269.771710
140.759580 738.446950 156.001203
147.104166 674.975047 93.642988
147.323443 736.434210 92.077031
152.014429 614.654304 90.844618
154.669074 729.831736 290.996217
155.649105 619.335480 332.218837
155.947115 727.342660 28.522695
157.403501 674.878403 293.603675
158.531490 670.525631 358.800015
161.128116 690.663752 244.350860
161.200566 639.148128 18.131307
162.373888 709.497802 352.327541
165.874557 616.042951 196.033526
165.874557 628.526332 233.305401
166.564255 637.741877 142.460066
166.775238 663.716196 158.930541
172.898583 628.741400 291.985418
177.500198 685.400400 47.066050
178.493568 710.425662 253.303219
178.493568 716.301401 213.776689
181.715633 710.597040 130.008929
183.309313 625.893694 371.397337
184.492711 739.356354 385.964657
184.492711 741.584410 318.690426
191.892940 729.075963 59.532502
192.545557 665.158940 318.473100
192.860914 683.231623 268.418894
195.470124 624.926239 37.437086
197.621420 679.329884 387.617313
200.476993 628.574899 110.676757
200.963317 675.938550 233.641697
202.858059 735.675886 162.669648
205.342796 670.076788 133.081478
210.117683 614.094883 341.049259
211.926742 665.306591 14.768934
212.116307 612.608154 254.897121
213.362382 715.599653 11.562135
214.348310 717.024568 287.028534
215.039161 674.892009 79.668995
217.204954 718.271586 239.769580
219.521043 687.041575 298.618731
220.106865 622.333443 205.697420
220.106865 626.863346 169.328291
220.893280 738.751819 344.316918
227.102889 721.685853 84.469819
231.071731 737.713040 202.401611
232.109250 675.144574 190.977471
232.753514 628.968205 306.515892
234.756187 741.085426 117.826366
235.117551 636.763690 8.062291
235.460273 660.193597 257.866020
236.087405 736.505104 153.908079
236.641308 675.411135 363.561204
236.641308 679.509701 330.769538
239.737704 638.414681 73.545473
239.910684 639.726487 379.828690
244.289042 682.337676 47.841979
245.404854 640.442711 234.327069
245.443824 664.141059 107.944230
247.321584 722.518175 382.263514
249.396853 732.237269 48.307350
251.162083 719.107636 316.177543
256.143131 691.952072 148.544205
256.192590 625.803258 192.695521
259.526903 720.898040 269.373034
261.110828 630.061136 138.596961
264.952852 712.302832 183.484270
265.091234 661.403090 213.686822
267.707852 710.188999 140.505398
268.077508 609.375645 38.892821
268.864000 640.335491 346.166086
270.504474 670.804131 9.029550
274.598591 641.995487 277.389310
276.035272 691.418693 293.505001
280.368564 709.091975 8.349209
282.436852 615.823112 103.402433
285.477312 676.369605 357.411381
286.414333 663.980508 75.003490
286.414333 681.270540 109.286572
286.469100 731.457869 63.160997
288.524688 717.657162 356.024189
289.061499 622.777852 223.435002
293.593391 736.352266 298.503504
298.582141 738.916201 162.573476
298.665418 615.086874 382.280352
298.764838 664.728404 179.302473
298.907991 724.146672 212.503391
300.103551 617.436414 0.553930
303.220326 730.142398 101.453217
303.756659 681.306161 265.072870
306.174263 620.959118 319.128454
306.436980 675.125438 40.026039
308.788900 626.090190 128.345361
308.941543 618.402999 187.134474
310.068691 675.647494 318.951498
313.374494 633.919222 60.946499
314.953315 733.280033 265.625288
318.281822 662.388252 390.926635
320.500845 711.774898 344.074611
320.500845 741.647610 377.727714
320.774625 725.717002 43.819252
329.200163 618.367436 284.584262
329.320453 627.064983 353.754745
330.398455 664.363333 112.089377
330.398455 670.148541 155.333620
331.131857 690.290625 221.164909
332.129351 677.986052 354.884378
334.003322 735.721770 130.106785
338.203005 634.702761 230.264440
338.441383 672.454963 287.039099
339.807264 727.019693 243.130032
339.834936 641.701116 152.701373
340.138130 614.773226 27.870015
341.151345 675.830626 77.552736
344.180940 635.313215 97.889339
344.887594 661.168570 14.293920
347.483897 731.614816 298.469534
351.280575 741.927375 169.193318
353.370853 716.566823 355.130339
357.098615 638.671511 387.845754
361.388549 662.136187 252.573640
364.618266 634.776968 312.337601
365.936491 730.218351 97.462871
366.355581 675.848607 381.445844
367.047263 659.660334 195.522136
369.970910 682.229110 117.890593
370.375410 621.324899 203.028054
372.702955 619.325342 55.498821
373.797401 666.514973 325.934824
374.518155 728.032658 265.122428
377.817844 718.266610 207.248879
379.545974 673.404609 41.287535
382.032161 623.041362 120.776781
382.124239 709.421004 322.837244
385.769650 723.753382 131.164535
387.228176 610.275603 362.652210
387.892969 620.007624 277.544606
388.688103 724.860746 375.483810
390.216426 675.715896 279.272089
391.724802 663.539848 159.326304
